1713263423108 1.0 0
1713263447058 0.8798791026224092 0
1713263452275 0.8846359572193956 0
1713263457511 0.8628659809277448 0
1713263463089 0.8596921213427109 0
1713263469875 0.853142133269631 0
1713263476513 0.8387949821868178 0
1713263482596 0.8378915974299694 0
1713263488080 0.8347289546750091 0
1713263493479 0.8304990060469601 0
1713263499245 0.8303648811193501 0
1713263504843 0.8249391037050808 0
1713263511529 0.8331824371512344 0
1713263518697 0.8317586263806748 0
1713263524816 0.8386592072836745 0
1713263530421 0.8322606979985877 0
1713263537181 0.8345883641456816 0
1713263546271 0.8306692634656961 0
1713263553687 0.8305133561456542 0
1713263621961 0.8387949821868178 0
