1713263423108 2.220446049250313e-16 0
1713263447058 0.16115443035475624 0
1713263452275 0.22695734404023848 0
1713263457511 0.2658745019431388 0
1713263463089 0.29494279884498276 0
1713263469875 0.3086794101529237 0
1713263476513 0.3282832232114517 0
1713263482596 0.3348946732385805 0
1713263488080 0.3470570577037514 0
1713263493479 0.35783888663573993 0
1713263499245 0.36207354131315433 0
1713263504843 0.36652568406308106 0
1713263511529 0.36836493871577414 0
1713263518697 0.3735223318085322 0
1713263524816 0.3748184797359268 0
1713263530421 0.3736208966264365 0
1713263537181 0.3769648142712888 0
1713263546271 0.37972770638582365 0
1713263553687 0.3803901586371834 0
1713263621961 0.3282832232114517 0
