1713263425267 1.0 0
1713263448262 0.8850726552179656 0
1713263453746 0.8850726552179656 0
1713263458936 0.8665785997357992 0
1713263464988 0.8599735799207398 0
1713263471526 0.8560105680317041 0
1713263478098 0.8401585204755614 0
1713263483954 0.8414795244385733 0
1713263489301 0.8361955085865258 0
1713263494816 0.8335535006605019 0
1713263500672 0.8322324966974901 0
1713263506338 0.8282694848084544 0
1713263513597 0.8348745046235139 0
1713263520585 0.8348745046235139 0
1713263526279 0.8401585204755614 0
1713263532309 0.8348745046235139 0
1713263538911 0.8361955085865258 0
1713263548515 0.8335535006605019 0
1713263555133 0.8322324966974901 0
1713263623359 0.8401585204755614 0
