1713263423108 1.0 0
1713263447058 0.9714503783018451 0
1713263452275 0.9556288069849417 0
1713263457511 0.9437045558456115 0
1713263463089 0.9333842160376384 0
1713263469875 0.9289264486822116 0
1713263476513 0.9210838753447487 0
1713263482596 0.9200625341061605 0
1713263488080 0.9136505759332183 0
1713263493479 0.9086729200772827 0
1713263499245 0.9066818577349085 0
1713263504843 0.9044769405483534 0
1713263511529 0.9038243145583529 0
1713263518697 0.9009815199917408 0
1713263524816 0.8996688937067681 0
1713263530421 0.9013465480878426 0
1713263537181 0.8998643127885197 0
1713263546271 0.899248558323378 0
1713263553687 0.8999638659056384 0
1713263621961 0.9210838753447487 0
