1713263423108 1.0 0
1713263447058 0.8850726552179656 0
1713263452275 0.8850726552179656 0
1713263457511 0.8665785997357992 0
1713263463089 0.8599735799207398 0
1713263469875 0.8560105680317041 0
1713263476513 0.8401585204755614 0
1713263482596 0.8414795244385733 0
1713263488080 0.8361955085865258 0
1713263493479 0.8335535006605019 0
1713263499245 0.8322324966974901 0
1713263504843 0.8282694848084544 0
1713263511529 0.8348745046235139 0
1713263518697 0.8348745046235139 0
1713263524816 0.8401585204755614 0
1713263530421 0.8348745046235139 0
1713263537181 0.8361955085865258 0
1713263546271 0.8335535006605019 0
1713263553687 0.8322324966974901 0
1713263621961 0.8401585204755614 0
