1713263423108 1.0 0
1713263447058 0.9031534490625172 0
1713263452275 0.8845932918002408 0
1713263457511 0.8719568873829135 0
1713263463089 0.8595234251358419 0
1713263469875 0.8575625988837511 0
1713263476513 0.8390769870368397 0
1713263482596 0.8431119089741818 0
1713263488080 0.8350463775078553 0
1713263493479 0.8335927207511717 0
1713263499245 0.8311044027048343 0
1713263504843 0.8282966125684091 0
1713263511529 0.8337528509496832 0
1713263518697 0.8350967631777413 0
1713263524816 0.8391091493811057 0
1713263530421 0.8344490242570209 0
1713263537181 0.835080406161605 0
1713263546271 0.8333692794456621 0
1713263553687 0.8310480874186491 0
1713263621961 0.8390769870368397 0
